Mass Matrix:
    0.114334    -0.060598    0.0769962    0.0240966    0.0334043  0.000641928  -0.00559037
           0       2.6103   -0.0598291     -1.07993   -0.0481765    0.0164319   0.00273757
           0            0    0.0769962    0.0240966    0.0334043  0.000641928  -0.00559037
           0            0            0     0.585333    0.0257411  -0.00892881   -0.0017493
           0            0            0            0    0.0334043  0.000641928  -0.00559037
           0            0            0            0            0     0.031751 -0.000548359
           0            0            0            0            0            0   0.00490965
coriolis Matrix:
 1.20668e-310  1.17117e-310  1.28727e-313   -4.199e-311  1.28727e-313  5.12911e-312  6.18464e-314
-1.18789e-310 -5.60782e-314  -1.2523e-310 -1.66963e-310 -7.39642e-311  8.37681e-311  7.57963e-313
 1.23427e-310  1.26981e-310  1.28727e-313   -4.199e-311  1.28727e-313  5.12911e-312  6.18464e-314
 4.18402e-311  1.67196e-310  4.13829e-311 -1.76759e-313  3.64681e-311 -4.21665e-311 -2.99915e-314
  7.4949e-311  7.57146e-311  1.28727e-313 -3.70752e-311  1.28727e-313  5.12911e-312  6.18464e-314
-4.19197e-312 -8.36559e-311 -4.34684e-312  4.19337e-311 -4.34684e-312 -5.60782e-314  4.58862e-313
-2.78197e-312 -2.50838e-312 -1.90573e-313   6.3708e-313 -1.90573e-313 -1.24113e-312  4.94066e-324
gravity contribution:
          0
   -3.43443
          0
   -3.25722
          0
    1.69422
3.36998e-17
